17.3000
19.0000
18.2000
19.0000
19.0000
20.4000
18.3000
19.9000
18.7000
20.9000
17.7000
19.1000
19.7000
18.1000
18.4000
17.5000
18.9000
19.0000
20.5000
17.3000
18.3000
18.4000
18.6000
19.8000
20.2000
18.5000
18.5000
18.0000
20.9000
18.1000
19.4000
20.5000
20.4000
16.1000
18.7000
18.8000
17.3000
18.1000
19.9000
19.6000
18.4000
19.5000
16.8000
17.1000
18.9000
19.7000
19.7000
19.2000
20.6000
20.1000
18.8000
17.1000
18.6000
18.0000
18.7000
20.3000
18.7000
18.8000
19.4000
18.5000
18.6000
19.6000
18.5000
20.0000
17.8000
19.8000
16.6000
19.4000
19.3000
20.1000
20.5000
20.0000
20.8000
17.7000
19.9000
18.8000
16.4000
18.5000
19.0000
20.6000
19.2000
17.1000
16.3000
17.2000
17.9000
19.1000
17.3000
19.4000
18.3000
19.3000
17.2000
17.5000
19.6000
17.6000
20.0000
19.9000
16.9000
19.5000
20.4000
19.1000
18.5000
18.3000
19.8000
19.1000
17.5000
18.5000
19.3000
19.1000
17.4000
16.3000
18.2000
18.8000
18.3000
17.9000
18.3000
19.6000
19.6000
21.0000
18.0000
17.9000
18.1000
19.5000
17.1000
18.9000
18.5000
19.2000
20.5000
18.3000
19.4000
21.4000
19.0000
18.6000
19.5000
17.4000
18.5000
18.4000
18.3000
20.7000
19.3000
17.7000
